1.0 1.0 1.0
0.0 5.0 -20.0
0.0 1.0 0.0 0.0

8
1.0 1.0 1.0
0.0 0.0 0.0
0.0 1.0 0.0 0.0

1.0 1.0 1.0
0.0 0.0 0.0
0.0 1.0 0.0 0.0

1.0 1.0 1.0
0.0 0.0 0.0
0.0 1.0 0.0 0.0

1.0 1.0 1.0
0.0 0.0 0.0
0.0 1.0 0.0 0.0

1.0 1.0 1.0
0.0 0.0 0.0
0.0 1.0 0.0 0.0

1.0 1.0 1.0
0.0 0.0 0.0
0.0 1.0 0.0 0.0

1.0 1.0 1.0
0.0 0.0 0.0
0.0 1.0 0.0 0.0

1.0 1.0 1.0
0.0 0.0 0.0
0.0 1.0 0.0 0.0

11
0 0 0 0.62 0.32 0.17 1.0 0
0 -1 0 0.62 0.32 0.17 1.0 0
0 -2 0 0.62 0.32 0.17 1.0 0
0 -3 0 0.62 0.32 0.17 1.0 0
0 -4 0 0.62 0.32 0.17 1.0 0
0 -5 0 0.0 0.4 0.0 1.0 0
0 -6 0 0.0 0.4 0.0 1.0 0
-1 -5 0 0.0 0.4 0.0 1.0 0
1 -5 0 0.0 0.4 0.0 1.0 0
0 -5 -1 0.0 0.4 0.0 1.0 0
0 -5 1 0.0 0.4 0.0 1.0 0